51.333333333333336
82.0
57.0
43.666666666666664
56.333333333333336
62.333333333333336
47.0
70.66666666666667
66.33333333333333
42.666666666666664
59.333333333333336
54.333333333333336
61.0
70.0
91.33333333333333
64.33333333333333
56.333333333333336
68.0
45.0
35.666666666666664
89.0
54.333333333333336
68.33333333333333
60.0
65.33333333333333
35.666666666666664
57.0
53.666666666666664
54.0
76.33333333333333
68.0
68.33333333333333
66.66666666666667
58.666666666666664
65.33333333333333
61.333333333333336
60.333333333333336
53.0
69.0
80.66666666666667
64.33333333333333
52.333333333333336
62.0
77.0
67.33333333333333
39.333333333333336
55.666666666666664
69.33333333333333
90.66666666666667
51.0
77.0
80.0
65.0
61.666666666666664
40.333333333333336
75.66666666666667
62.69642857142857 61.857142857142854 61.785714285714285